lastAccountName: AllanStrat
timestamps:
  login: 1633540854894
  logout: 1633540196247
ipAddress: 37.120.215.76
lastlocation:
  world: spawn
  x: -238.20317989198466
  y: 26.0
  z: 304.973761550383
  yaw: -96.131165
  pitch: 14.615039
logoutlocation:
  world: spawn
  x: -218.60988776491988
  y: 26.0
  z: 294.2784216611791
  yaw: 69.79736
  pitch: -0.040754557
